Date,Open,High,Low,Close,Adj Close,Volume
2019-06-13 00:00:00,,,,,,
2019-06-14 00:00:00,,,,,,
2019-06-17 00:00:00,114.91,114.99,113.94,113.97,109.08,978700.00
2019-06-18 00:00:00,114.19,114.67,113.88,113.90,109.01,1286300.00
2019-06-19 00:00:00,113.90,114.73,113.53,114.42,109.51,1413600.00
2019-06-20 00:00:00,114.82,116.29,114.72,116.06,111.08,2456900.00
2019-06-21 00:00:00,116.44,116.81,115.74,115.84,110.87,2675600.00
2019-06-24 00:00:00,116.20,117.14,115.92,116.97,111.95,1520400.00
2019-06-25 00:00:00,117.27,117.34,116.41,116.42,111.42,1447500.00
2019-06-26 00:00:00,116.09,116.45,114.31,114.59,109.67,1949800.00
2019-06-27 00:00:00,114.77,116.01,114.63,115.84,110.87,1055300.00
2019-06-28 00:00:00,115.88,116.33,115.35,115.37,110.42,2462500.00
2019-07-01 00:00:00,116.10,116.31,114.44,115.29,110.34,1939000.00
2019-07-02 00:00:00,115.66,116.11,115.29,115.89,110.92,1906900.00
2019-07-03 00:00:00,116.43,117.27,116.28,117.21,112.18,1311100.00
2019-07-04 00:00:00,,,,,,
2019-07-05 00:00:00,117.01,117.21,116.01,116.48,111.48,1088800.00
2019-07-08 00:00:00,116.60,116.99,116.12,116.89,111.87,2160000.00
2019-07-09 00:00:00,116.85,117.20,116.41,117.01,111.99,1432300.00
2019-07-10 00:00:00,117.01,118.11,116.99,117.79,112.73,1616400.00
2019-07-11 00:00:00,117.61,118.02,116.95,117.25,112.22,1997600.00
2019-07-12 00:00:00,117.78,118.09,116.79,117.91,112.85,1323600.00
2019-07-15 00:00:00,117.96,118.15,117.48,118.03,112.96,1236000.00
2019-07-16 00:00:00,118.00,118.71,117.77,118.17,113.10,1433800.00
2019-07-17 00:00:00,118.50,118.89,118.19,118.19,113.12,1291400.00
2019-07-18 00:00:00,117.18,117.99,116.45,117.97,112.91,1548900.00
2019-07-19 00:00:00,117.98,118.03,116.66,116.79,111.78,1214600.00
2019-07-22 00:00:00,116.90,117.41,116.37,117.13,112.10,1183200.00
2019-07-23 00:00:00,117.79,117.97,116.57,117.19,112.16,1473900.00
2019-07-24 00:00:00,116.84,117.00,115.24,115.80,110.83,2279500.00
2019-07-25 00:00:00,115.80,117.74,115.50,116.72,111.71,2341600.00
2019-07-26 00:00:00,116.80,118.71,116.48,118.50,113.41,1845600.00
2019-07-29 00:00:00,118.40,118.64,117.48,117.96,112.90,1308500.00
2019-07-30 00:00:00,117.72,118.67,117.57,118.01,112.94,1244000.00
2019-07-31 00:00:00,118.06,118.45,115.94,117.00,111.98,1438300.00
2019-08-01 00:00:00,116.99,118.13,116.10,116.25,111.26,1717000.00
2019-08-02 00:00:00,116.40,117.61,115.98,116.73,111.72,1612600.00
2019-08-05 00:00:00,115.66,116.38,112.87,113.77,108.89,2909600.00
2019-08-06 00:00:00,114.00,116.22,113.51,116.10,111.12,1868800.00
2019-08-07 00:00:00,115.09,117.46,114.37,116.85,111.83,1523100.00
2019-08-08 00:00:00,117.08,118.67,116.57,118.47,113.39,1459100.00
2019-08-09 00:00:00,118.74,119.56,118.03,119.06,113.95,2242400.00
2019-08-12 00:00:00,119.06,119.21,117.28,117.73,112.68,1044000.00
2019-08-13 00:00:00,117.24,119.45,117.24,119.02,113.91,1979800.00
2019-08-14 00:00:00,118.53,118.81,115.96,116.00,111.02,3009300.00
2019-08-15 00:00:00,116.30,118.54,116.05,118.20,113.13,2133900.00
2019-08-16 00:00:00,118.67,119.51,118.45,119.12,114.01,1613400.00
2019-08-19 00:00:00,119.54,120.58,119.25,120.02,114.87,2770600.00
2019-08-20 00:00:00,119.68,119.99,118.04,118.11,113.04,1566300.00
2019-08-21 00:00:00,118.64,119.24,118.28,118.71,113.61,1479800.00
2019-08-22 00:00:00,118.64,119.01,117.80,118.07,113.00,1358400.00
2019-08-23 00:00:00,117.86,118.44,115.36,115.93,110.95,1987900.00
2019-08-26 00:00:00,116.40,117.09,115.81,117.05,112.03,1586700.00
2019-08-27 00:00:00,117.81,118.60,117.41,117.75,112.70,1148300.00
2019-08-28 00:00:00,117.51,118.48,116.80,118.25,113.17,1109800.00
2019-08-29 00:00:00,119.00,119.44,118.07,119.32,114.20,1132200.00
2019-08-30 00:00:00,120.09,120.49,118.96,119.35,114.23,1149600.00
2019-09-02 00:00:00,,,,,,
2019-09-03 00:00:00,119.61,120.24,119.10,119.53,114.40,1204300.00
2019-09-04 00:00:00,120.00,120.74,119.67,120.65,115.47,1213800.00
2019-09-05 00:00:00,121.24,121.77,118.90,119.09,114.47,1671100.00
2019-09-06 00:00:00,119.08,119.68,118.84,119.33,114.70,941500.00
2019-09-09 00:00:00,119.34,119.50,117.38,117.62,113.05,1427900.00
2019-09-10 00:00:00,116.86,117.04,112.16,113.68,109.27,3654400.00
2019-09-11 00:00:00,113.81,114.38,111.13,112.22,107.86,2830500.00
2019-09-12 00:00:00,112.69,113.88,112.51,113.07,108.68,1726700.00
2019-09-13 00:00:00,113.48,114.35,111.79,111.95,107.60,1661200.00
2019-09-16 00:00:00,111.56,112.01,111.10,111.90,107.55,2077800.00
2019-09-17 00:00:00,112.44,114.18,112.20,113.86,109.44,2547500.00
2019-09-18 00:00:00,114.03,114.38,113.09,114.33,109.89,1017700.00
2019-09-19 00:00:00,114.94,115.80,114.49,114.73,110.27,1324700.00
2019-09-20 00:00:00,115.17,115.61,114.78,115.28,110.80,1984100.00
2019-09-23 00:00:00,115.35,115.87,114.68,114.95,110.49,1093000.00
2019-09-24 00:00:00,115.07,116.16,114.50,115.12,110.65,1646600.00
2019-09-25 00:00:00,115.16,115.46,113.83,113.92,109.50,1470300.00
2019-09-26 00:00:00,114.18,115.69,113.71,115.09,110.62,2398000.00
2019-09-27 00:00:00,115.43,115.72,112.68,113.59,109.18,1693100.00
2019-09-30 00:00:00,113.59,115.21,113.53,115.00,110.53,1707400.00
2019-10-01 00:00:00,115.15,115.97,114.50,114.87,110.41,2576500.00
2019-10-02 00:00:00,114.14,115.07,113.51,114.77,110.31,2892900.00
2019-10-03 00:00:00,114.58,115.53,114.03,114.99,110.52,2608800.00
2019-10-04 00:00:00,115.53,117.04,115.41,116.61,112.08,2890900.00
2019-10-07 00:00:00,116.37,116.46,115.50,115.71,111.22,1299900.00
2019-10-08 00:00:00,115.00,115.94,114.30,114.77,110.31,1390900.00
2019-10-09 00:00:00,115.10,115.95,114.57,115.60,111.11,1358800.00
2019-10-10 00:00:00,115.50,117.79,115.46,117.44,112.88,1918100.00
2019-10-11 00:00:00,118.02,118.30,116.26,116.34,111.82,1537500.00
2019-10-14 00:00:00,116.61,117.66,115.97,116.15,111.64,962400.00
2019-10-15 00:00:00,116.58,117.04,115.52,115.65,111.16,1853700.00
2019-10-16 00:00:00,115.34,115.39,113.40,114.90,110.44,2126700.00
2019-10-17 00:00:00,115.23,116.53,115.10,116.28,111.76,1681700.00
2019-10-18 00:00:00,115.04,117.28,114.61,117.05,112.50,2615000.00
2019-10-21 00:00:00,117.54,117.69,116.11,117.27,112.72,1931100.00
2019-10-22 00:00:00,117.30,118.28,116.66,116.92,112.38,1817100.00
2019-10-23 00:00:00,116.63,117.69,113.17,113.37,108.97,3138700.00
2019-10-24 00:00:00,113.51,113.66,111.11,113.17,108.78,2455400.00
2019-10-25 00:00:00,113.15,113.50,110.84,111.35,107.03,2380400.00
2019-10-28 00:00:00,111.24,111.62,110.85,111.28,106.96,1519700.00
2019-10-29 00:00:00,111.07,112.93,110.86,112.03,107.68,1702200.00
2019-10-30 00:00:00,112.56,113.24,111.75,112.67,108.29,1164600.00
2019-10-31 00:00:00,112.60,113.39,111.69,112.21,107.85,1664200.00
2019-11-01 00:00:00,112.52,112.69,110.82,111.23,106.91,1864900.00
2019-11-04 00:00:00,111.21,111.47,110.28,110.82,106.52,2181900.00
2019-11-05 00:00:00,110.62,110.81,107.87,108.31,104.10,3574600.00
2019-11-06 00:00:00,107.91,109.93,107.77,109.93,105.66,1884200.00
2019-11-07 00:00:00,110.10,110.55,109.34,110.35,106.06,2329400.00
2019-11-08 00:00:00,110.07,111.14,110.06,111.03,106.72,1222000.00
2019-11-11 00:00:00,110.94,111.29,110.03,110.47,106.18,1094300.00
2019-11-12 00:00:00,110.50,110.82,109.68,110.00,105.73,1603000.00
2019-11-13 00:00:00,110.06,111.34,109.69,110.94,106.63,1462700.00
2019-11-14 00:00:00,110.97,112.22,110.86,112.05,107.70,1378700.00
2019-11-15 00:00:00,112.30,112.50,111.62,112.16,107.80,2030800.00
2019-11-18 00:00:00,112.15,112.95,111.93,112.40,108.04,1927000.00
2019-11-19 00:00:00,112.41,112.93,111.86,112.53,108.16,1996500.00
2019-11-20 00:00:00,112.59,113.71,111.87,112.57,108.20,1876600.00
2019-11-21 00:00:00,112.60,112.85,111.03,111.21,106.89,1836900.00
2019-11-22 00:00:00,110.82,111.42,109.67,110.77,106.47,2007900.00
2019-11-25 00:00:00,110.86,111.81,110.27,110.31,106.03,1929500.00
2019-11-26 00:00:00,110.36,113.02,110.28,112.88,108.50,3499100.00
2019-11-27 00:00:00,113.11,113.38,112.70,112.94,108.55,1589200.00
2019-11-28 00:00:00,,,,,,
2019-11-29 00:00:00,113.01,113.46,112.61,112.91,108.53,706900.00
2019-12-02 00:00:00,112.72,113.11,111.62,111.65,107.31,1495400.00
2019-12-03 00:00:00,111.49,112.84,111.21,112.03,107.68,1811700.00
2019-12-04 00:00:00,111.95,113.58,111.95,112.86,108.48,1845500.00
2019-12-05 00:00:00,112.52,112.75,111.13,111.47,107.63,2525600.00
2019-12-06 00:00:00,112.14,112.49,111.39,111.62,107.78,1212300.00
2019-12-09 00:00:00,111.59,111.86,111.25,111.77,107.92,2105600.00
2019-12-10 00:00:00,111.83,112.23,111.19,111.26,107.43,1419200.00
2019-12-11 00:00:00,111.35,111.91,110.86,111.40,107.56,1476500.00
2019-12-12 00:00:00,111.25,111.57,110.11,110.66,106.85,1826200.00
2019-12-13 00:00:00,110.44,112.05,110.16,112.02,108.16,1846100.00
2019-12-16 00:00:00,112.58,112.70,111.50,112.03,108.17,1537600.00
2019-12-17 00:00:00,112.94,113.69,112.62,112.96,109.07,1766500.00
2019-12-18 00:00:00,113.02,113.39,111.95,112.58,108.70,1833400.00
2019-12-19 00:00:00,112.64,113.15,112.36,112.48,108.61,1677200.00
2019-12-20 00:00:00,113.46,113.56,112.26,113.16,109.26,2840700.00
2019-12-23 00:00:00,113.17,113.49,112.72,112.91,109.02,921200.00
2019-12-24 00:00:00,112.80,112.87,112.06,112.60,108.72,498800.00
2019-12-25 00:00:00,,,,,,
2019-12-26 00:00:00,112.72,113.19,112.53,113.18,109.28,798200.00
2019-12-27 00:00:00,113.09,113.93,112.81,113.89,109.97,804600.00
2019-12-30 00:00:00,113.50,113.85,113.10,113.77,109.85,1058500.00
2019-12-31 00:00:00,113.69,114.15,113.18,113.96,110.03,1248600.00
2020-01-02 00:00:00,114.09,114.22,112.50,114.22,110.29,2071700.00
2020-01-03 00:00:00,113.15,115.47,113.10,115.33,111.36,1424900.00
2020-01-06 00:00:00,114.60,115.95,114.51,115.93,111.94,1840700.00
2020-01-07 00:00:00,115.53,116.20,114.88,116.01,112.01,2325500.00
2020-01-08 00:00:00,116.10,116.48,115.68,116.08,112.08,1824600.00
2020-01-09 00:00:00,116.18,117.12,116.04,116.13,112.13,1634200.00
2020-01-10 00:00:00,116.30,116.56,115.80,116.20,112.20,1289600.00
2020-01-13 00:00:00,116.46,118.00,116.35,117.66,113.61,1340900.00
2020-01-14 00:00:00,117.68,118.32,117.36,118.07,114.00,1622400.00
2020-01-15 00:00:00,118.21,119.16,117.85,118.22,114.15,1273000.00
2020-01-16 00:00:00,118.71,119.76,118.53,119.49,115.37,1725800.00
2020-01-17 00:00:00,119.72,120.21,119.42,119.65,115.53,1988000.00
2020-01-20 00:00:00,,,,,,
2020-01-21 00:00:00,119.36,120.53,119.27,120.41,116.26,1642200.00
2020-01-22 00:00:00,120.80,121.30,120.24,120.32,116.18,1378200.00
2020-01-23 00:00:00,120.22,121.15,119.58,121.14,116.97,1740600.00
2020-01-24 00:00:00,121.32,121.93,120.48,121.00,116.83,1052900.00
2020-01-27 00:00:00,120.27,121.31,119.83,121.19,117.02,1191100.00
2020-01-28 00:00:00,121.26,121.87,120.54,121.05,116.88,1395800.00
2020-01-29 00:00:00,121.30,121.86,120.81,121.47,117.29,1641400.00
2020-01-30 00:00:00,121.05,122.84,120.58,122.76,118.53,1155800.00
2020-01-31 00:00:00,122.46,123.20,121.09,121.70,117.51,1657500.00
2020-02-03 00:00:00,122.16,123.23,122.09,122.69,118.46,1246300.00
2020-02-04 00:00:00,123.31,123.77,122.79,122.86,118.63,1145300.00
2020-02-05 00:00:00,122.88,123.74,122.46,123.61,119.35,1601300.00
2020-02-06 00:00:00,123.33,124.14,123.21,123.74,119.48,1171700.00
2020-02-07 00:00:00,124.13,124.37,123.63,123.91,119.64,1292400.00
2020-02-10 00:00:00,124.24,125.29,124.11,125.04,120.73,1233900.00
2020-02-11 00:00:00,125.39,125.47,124.75,124.98,120.68,1504600.00
2020-02-12 00:00:00,124.55,125.64,123.28,125.61,121.28,2028500.00
2020-02-13 00:00:00,125.00,125.21,122.91,124.23,119.95,2107100.00
2020-02-14 00:00:00,124.60,125.75,124.01,125.75,121.42,1299900.00
2020-02-17 00:00:00,,,,,,
2020-02-18 00:00:00,125.74,126.46,125.27,126.22,121.87,2094300.00
2020-02-19 00:00:00,126.25,126.79,125.22,125.23,120.92,1431500.00
2020-02-20 00:00:00,124.74,125.28,123.19,124.05,119.78,2352800.00
2020-02-21 00:00:00,123.96,124.85,123.67,124.56,120.27,2058000.00
2020-02-24 00:00:00,121.92,124.58,121.66,123.99,119.72,2324900.00
2020-02-25 00:00:00,124.38,125.76,121.80,121.95,117.75,3080300.00
2020-02-26 00:00:00,121.61,123.35,120.91,120.93,116.76,2694700.00
2020-02-27 00:00:00,120.21,121.26,113.52,113.62,109.71,4280200.00
2020-02-28 00:00:00,111.13,111.98,106.61,110.81,106.99,6444500.00
2020-03-02 00:00:00,111.84,117.20,111.82,117.03,113.00,4006600.00
2020-03-03 00:00:00,117.58,119.01,112.34,112.71,108.83,4321500.00
2020-03-04 00:00:00,116.98,120.55,116.12,120.29,116.15,3474800.00
2020-03-05 00:00:00,117.96,120.10,116.81,117.71,114.17,3226100.00
2020-03-06 00:00:00,114.43,117.61,114.03,117.13,113.61,2701800.00
2020-03-09 00:00:00,110.16,115.29,109.27,112.07,108.70,3516200.00
2020-03-10 00:00:00,114.43,115.17,109.37,113.46,110.05,4783300.00
2020-03-11 00:00:00,110.54,113.70,108.74,109.97,106.67,2750400.00
2020-03-12 00:00:00,102.95,104.40,97.64,97.74,94.80,5118700.00
2020-03-13 00:00:00,101.11,105.32,97.36,105.32,102.16,5971400.00
2020-03-16 00:00:00,90.00,105.69,85.50,99.89,96.89,5165900.00
2020-03-17 00:00:00,100.72,110.85,100.72,108.93,105.66,5104000.00
2020-03-18 00:00:00,102.65,105.99,98.86,102.46,99.38,4560200.00
2020-03-19 00:00:00,101.86,102.64,97.92,99.85,96.85,4052100.00
2020-03-20 00:00:00,100.10,100.55,96.61,98.31,95.36,6880200.00
2020-03-23 00:00:00,98.69,99.50,87.08,87.87,85.23,6777400.00
2020-03-24 00:00:00,91.19,93.57,90.00,92.07,89.30,4782900.00
2020-03-25 00:00:00,91.86,93.70,85.34,90.94,88.21,6434400.00
2020-03-26 00:00:00,90.90,98.22,90.75,97.68,94.74,5056600.00
2020-03-27 00:00:00,95.30,98.35,93.57,95.30,92.44,4126100.00
2020-03-30 00:00:00,96.14,97.67,92.60,94.60,91.76,3812000.00
2020-03-31 00:00:00,93.58,93.74,90.82,92.56,89.78,4798600.00
2020-04-01 00:00:00,90.15,90.30,86.90,88.43,85.77,3437900.00
2020-04-02 00:00:00,87.60,91.88,87.35,91.14,88.40,3859600.00
2020-04-03 00:00:00,90.61,91.56,87.96,89.02,86.34,2702600.00
2020-04-06 00:00:00,92.01,92.45,90.54,91.29,88.55,5680000.00
2020-04-07 00:00:00,95.51,95.51,91.17,91.43,88.68,5158500.00
2020-04-08 00:00:00,92.22,96.19,90.91,95.62,92.75,3765200.00
2020-04-09 00:00:00,96.55,101.96,96.53,99.85,96.85,3557900.00
2020-04-13 00:00:00,99.64,100.64,96.08,96.75,93.84,1978000.00
2020-04-14 00:00:00,98.80,99.93,96.91,99.63,96.64,3052400.00
2020-04-15 00:00:00,97.40,97.93,95.81,96.63,93.73,2212900.00
2020-04-16 00:00:00,96.92,97.70,95.44,97.55,94.62,2083000.00
2020-04-17 00:00:00,99.96,100.68,98.42,100.27,97.26,2917200.00
2020-04-20 00:00:00,98.87,100.04,98.14,98.20,95.25,1427100.00
2020-04-21 00:00:00,96.16,98.16,95.71,96.73,93.82,2420200.00
2020-04-22 00:00:00,98.03,99.29,97.38,98.76,95.79,2369400.00
2020-04-23 00:00:00,98.51,99.84,97.67,97.79,94.85,1956700.00
2020-04-24 00:00:00,98.08,99.03,96.81,98.48,95.52,1559900.00
2020-04-27 00:00:00,99.24,101.73,99.04,101.13,98.09,1641300.00
2020-04-28 00:00:00,102.89,103.19,100.07,101.66,98.61,2446500.00
2020-04-29 00:00:00,102.91,103.04,100.51,100.94,97.91,2322800.00
2020-04-30 00:00:00,100.00,100.35,98.12,100.02,97.01,1823600.00
2020-05-01 00:00:00,98.66,98.66,97.08,98.21,95.26,1601800.00
2020-05-04 00:00:00,97.81,99.84,97.27,99.56,96.57,1680300.00
2020-05-05 00:00:00,99.93,100.45,98.61,99.02,96.04,3045000.00
2020-05-06 00:00:00,100.50,100.61,95.73,96.80,93.89,4564100.00
2020-05-07 00:00:00,98.45,102.35,98.10,101.45,98.40,2504000.00
2020-05-08 00:00:00,101.96,102.94,100.33,100.97,97.94,1761600.00
2020-05-11 00:00:00,100.01,101.23,99.26,100.50,97.48,1487400.00
2020-05-12 00:00:00,100.99,100.99,98.19,98.31,95.36,2141900.00
2020-05-13 00:00:00,98.25,98.80,96.08,96.52,93.62,2246500.00
2020-05-14 00:00:00,95.81,97.34,94.13,97.18,94.26,2324200.00
2020-05-15 00:00:00,96.36,97.32,95.11,95.93,93.05,3174000.00
2020-05-18 00:00:00,98.71,100.53,98.18,99.66,96.67,2943700.00
2020-05-19 00:00:00,99.35,100.04,98.30,98.33,95.38,1773000.00
2020-05-20 00:00:00,99.08,100.56,98.09,99.45,96.46,1601800.00
2020-05-21 00:00:00,99.04,100.11,98.63,98.93,95.96,1361800.00
2020-05-22 00:00:00,98.88,99.00,98.13,98.92,95.95,1079000.00
2020-05-25 00:00:00,,,,,,
2020-05-26 00:00:00,100.57,102.53,100.51,101.60,98.55,2088000.00
2020-05-27 00:00:00,102.69,104.50,102.43,104.30,101.17,2842100.00
2020-05-28 00:00:00,105.35,107.27,105.09,106.50,103.30,2681400.00
2020-05-29 00:00:00,107.15,107.45,106.15,106.75,103.54,3078800.00
2020-06-01 00:00:00,107.00,107.11,105.95,106.01,102.82,1629000.00
2020-06-02 00:00:00,106.02,108.03,105.55,107.43,104.20,1773400.00
2020-06-03 00:00:00,108.35,110.68,107.75,110.21,106.90,2336100.00
2020-06-04 00:00:00,109.00,109.63,107.11,107.99,105.27,1728000.00
2020-06-05 00:00:00,109.93,112.80,108.74,112.20,109.37,2931700.00
2020-06-08 00:00:00,111.86,113.57,111.46,113.53,110.67,2422300.00
2020-06-09 00:00:00,112.05,112.40,110.25,111.25,108.44,2820200.00
2020-06-10 00:00:00,111.69,111.84,108.96,109.33,106.57,2109900.00
2020-06-11 00:00:00,107.16,107.66,103.12,103.20,100.60,2826000.00
2020-06-12 00:00:00,105.42,106.22,101.86,103.89,101.27,2581500.00
2020-06-15 00:00:00,101.64,105.48,101.55,104.49,101.85,2064200.00
2020-06-16 00:00:00,107.00,107.57,104.33,105.70,103.03,2094200.00
2020-06-17 00:00:00,106.60,106.64,105.25,105.70,103.03,1254700.00
2020-06-18 00:00:00,105.28,105.70,104.12,104.64,102.00,1200900.00
2020-06-19 00:00:00,106.27,106.73,101.73,101.77,99.20,3413300.00
2020-06-22 00:00:00,101.94,103.79,101.08,103.70,101.08,2161100.00
2020-06-23 00:00:00,104.55,104.94,102.99,103.86,101.24,1954000.00
2020-06-24 00:00:00,103.42,103.55,101.27,101.37,98.81,2893400.00
2020-06-25 00:00:00,101.00,103.05,100.45,102.39,99.81,3195700.00
2020-06-26 00:00:00,102.46,103.46,102.10,102.81,100.22,5907700.00
2020-06-29 00:00:00,103.59,103.87,102.37,103.56,100.95,1952200.00
2020-06-30 00:00:00,103.53,106.30,103.36,105.91,103.24,1929300.00
2020-07-01 00:00:00,105.91,106.37,104.72,105.09,102.44,1255000.00
2020-07-02 00:00:00,105.67,106.16,104.75,104.97,102.32,1438600.00
2020-07-03 00:00:00,,,,,,
2020-07-06 00:00:00,105.79,106.09,104.42,105.21,102.56,1868200.00
2020-07-07 00:00:00,104.72,105.26,104.32,104.62,101.98,1585000.00
2020-07-08 00:00:00,104.05,104.51,102.48,103.12,100.52,1728400.00
2020-07-09 00:00:00,102.88,103.00,100.95,102.08,99.50,2029500.00
2020-07-10 00:00:00,102.02,103.86,102.02,103.82,101.20,1189200.00
2020-07-13 00:00:00,104.33,105.45,103.72,104.33,101.70,2439500.00
2020-07-14 00:00:00,104.50,106.23,104.46,106.20,103.52,1811800.00
2020-07-15 00:00:00,106.92,107.39,106.27,106.79,104.10,2015600.00
2020-07-16 00:00:00,106.59,108.15,106.52,107.46,104.75,1637200.00
2020-07-17 00:00:00,107.92,109.39,107.39,108.70,105.96,3224700.00
2020-07-20 00:00:00,108.26,108.39,106.29,106.57,103.88,1407600.00
2020-07-21 00:00:00,106.93,108.34,106.77,107.52,104.81,1266700.00
2020-07-22 00:00:00,107.04,108.48,106.59,108.21,105.48,1239700.00
2020-07-23 00:00:00,108.39,109.06,107.50,108.03,105.30,1497200.00
2020-07-24 00:00:00,108.68,108.96,107.05,107.28,104.57,1224000.00
2020-07-27 00:00:00,107.50,107.57,106.59,107.07,104.37,1214000.00
2020-07-28 00:00:00,106.77,108.02,106.77,107.52,104.81,1402000.00
2020-07-29 00:00:00,108.16,110.13,107.91,109.65,106.88,1466100.00
2020-07-30 00:00:00,108.54,109.66,107.30,109.38,106.62,1873100.00
2020-07-31 00:00:00,108.81,109.62,108.26,109.60,106.83,1467500.00
2020-08-03 00:00:00,109.96,109.96,108.65,108.98,106.23,1486100.00
2020-08-04 00:00:00,108.39,108.97,108.01,108.82,106.07,1276100.00
2020-08-05 00:00:00,109.28,109.93,108.71,109.18,106.43,1522000.00
2020-08-06 00:00:00,109.16,110.41,109.16,110.37,107.59,1437100.00
2020-08-07 00:00:00,110.09,113.23,110.09,112.72,109.88,1867400.00
2020-08-10 00:00:00,112.29,112.70,110.97,111.61,108.79,1770900.00
2020-08-11 00:00:00,112.10,112.39,110.86,111.59,108.77,1563300.00
2020-08-12 00:00:00,112.03,112.73,111.59,112.25,109.42,1506400.00
2020-08-13 00:00:00,111.35,111.72,110.52,111.34,108.53,891200.00
2020-08-14 00:00:00,111.18,112.05,110.65,111.47,108.66,1057600.00
2020-08-17 00:00:00,111.48,112.17,110.56,110.87,108.07,1468200.00
2020-08-18 00:00:00,110.91,111.57,110.63,111.01,108.21,1193400.00
2020-08-19 00:00:00,111.65,111.84,110.23,110.56,107.77,935500.00
2020-08-20 00:00:00,110.13,110.65,109.78,110.15,107.37,1118700.00
2020-08-21 00:00:00,110.37,111.47,109.86,111.16,108.36,1495300.00
2020-08-24 00:00:00,111.49,112.57,111.15,112.51,109.67,1332100.00
2020-08-25 00:00:00,113.00,113.37,112.72,113.19,110.33,2106100.00
2020-08-26 00:00:00,113.25,115.00,112.75,113.90,111.03,2122400.00
2020-08-27 00:00:00,114.00,115.02,113.82,114.27,111.39,1289300.00
2020-08-28 00:00:00,114.23,114.30,113.21,114.01,111.13,1242300.00
2020-08-31 00:00:00,113.64,114.47,113.58,114.00,111.12,1504600.00
2020-09-01 00:00:00,113.31,113.82,112.82,113.64,110.77,1290000.00
2020-09-02 00:00:00,113.64,115.06,113.37,114.15,111.27,2806600.00
2020-09-03 00:00:00,113.50,114.12,110.57,111.22,108.93,2324200.00
2020-09-04 00:00:00,111.78,112.28,109.06,111.21,108.92,2224200.00
2020-09-07 00:00:00,,,,,,
2020-09-08 00:00:00,111.18,111.68,110.11,110.46,108.19,1490100.00
2020-09-09 00:00:00,110.74,113.41,110.57,112.56,110.25,1738000.00
2020-09-10 00:00:00,112.82,112.93,111.35,111.68,109.38,1123700.00
2020-09-11 00:00:00,111.91,113.61,111.59,113.15,110.82,1505900.00
2020-09-14 00:00:00,113.83,116.59,113.65,116.36,113.97,2111300.00
2020-09-15 00:00:00,116.50,117.79,116.16,117.07,114.66,1709100.00
2020-09-16 00:00:00,117.53,118.92,116.68,116.85,114.45,2050700.00
2020-09-17 00:00:00,116.15,117.45,115.25,115.56,113.18,2097400.00
2020-09-18 00:00:00,115.24,116.56,114.86,115.27,112.90,3063300.00
2020-09-21 00:00:00,114.25,114.42,113.27,114.30,111.95,2109400.00
2020-09-22 00:00:00,114.08,115.48,113.95,114.97,112.61,1088400.00
2020-09-23 00:00:00,113.21,113.88,111.70,111.73,109.43,1580400.00
2020-09-24 00:00:00,111.82,112.45,110.25,111.30,109.01,1818500.00
2020-09-25 00:00:00,111.00,113.85,110.85,113.63,111.29,1174800.00
2020-09-28 00:00:00,114.60,115.21,113.88,114.04,111.70,1265500.00
2020-09-29 00:00:00,114.18,114.65,113.33,113.41,111.08,1029700.00
2020-09-30 00:00:00,113.80,114.32,112.54,113.17,110.84,2130500.00
2020-10-01 00:00:00,113.96,113.99,112.03,112.89,110.57,1510700.00
2020-10-02 00:00:00,111.66,114.56,111.58,113.89,111.55,1089700.00
2020-10-05 00:00:00,114.83,115.06,113.84,114.24,111.89,1242600.00
2020-10-06 00:00:00,114.81,115.05,112.90,113.25,110.92,1404600.00
2020-10-07 00:00:00,113.85,114.40,113.33,113.88,111.54,1085800.00
2020-10-08 00:00:00,114.33,114.89,113.91,114.70,112.34,910500.00
2020-10-09 00:00:00,115.13,115.70,114.68,115.35,112.98,1097200.00
2020-10-12 00:00:00,115.83,117.19,115.68,116.82,114.42,1217300.00
2020-10-13 00:00:00,117.14,117.60,115.08,115.50,113.13,1614200.00
2020-10-14 00:00:00,115.19,115.82,114.28,114.58,112.22,1020700.00
2020-10-15 00:00:00,114.32,115.49,114.00,115.27,112.90,884000.00
2020-10-16 00:00:00,115.58,116.46,115.49,115.87,113.49,1910100.00
2020-10-19 00:00:00,116.00,116.21,113.54,113.70,111.36,1456400.00
2020-10-20 00:00:00,114.75,115.59,114.06,114.31,111.96,832800.00
2020-10-21 00:00:00,113.90,115.15,113.62,114.17,111.82,1008000.00
2020-10-22 00:00:00,114.28,116.04,114.06,115.77,113.39,1324400.00
2020-10-23 00:00:00,116.25,116.83,115.50,116.70,114.30,1594000.00
2020-10-26 00:00:00,115.79,116.02,112.81,113.40,111.07,1392600.00
2020-10-27 00:00:00,112.02,112.61,110.35,110.63,108.36,2480800.00
2020-10-28 00:00:00,109.22,109.82,106.75,106.96,104.76,1884100.00
2020-10-29 00:00:00,107.38,108.61,106.11,107.55,105.34,2082600.00
2020-10-30 00:00:00,107.36,108.33,106.22,107.91,105.69,1930700.00
2020-11-02 00:00:00,109.08,111.90,108.90,110.67,108.40,2064400.00
2020-11-03 00:00:00,112.20,115.13,112.20,114.71,112.35,2357000.00
2020-11-04 00:00:00,114.16,118.17,114.16,116.05,113.66,1989200.00
2020-11-05 00:00:00,117.99,120.60,117.06,119.69,117.23,2682300.00
2020-11-06 00:00:00,120.00,120.36,118.91,119.28,116.83,1311800.00
2020-11-09 00:00:00,123.49,125.56,120.75,120.96,118.47,2398700.00
2020-11-10 00:00:00,120.90,123.74,120.16,123.38,120.84,1963400.00
2020-11-11 00:00:00,123.42,123.74,122.26,122.80,120.28,1025700.00
2020-11-12 00:00:00,122.45,122.84,120.69,121.09,118.60,1216800.00
2020-11-13 00:00:00,122.01,122.60,121.30,121.92,119.41,865100.00
2020-11-16 00:00:00,122.47,123.19,121.04,121.99,119.48,1678100.00
2020-11-17 00:00:00,121.37,121.67,120.61,121.30,118.81,1634100.00
2020-11-18 00:00:00,122.14,122.75,120.47,120.53,118.05,1204500.00
2020-11-19 00:00:00,120.15,121.09,118.88,120.58,118.10,1172700.00
2020-11-20 00:00:00,121.03,121.21,119.99,120.35,117.88,950900.00
2020-11-23 00:00:00,120.84,121.01,119.58,120.11,117.64,935800.00
2020-11-24 00:00:00,120.76,121.54,120.05,120.43,117.95,1433100.00
2020-11-25 00:00:00,120.00,120.10,118.67,119.64,117.18,1400600.00
2020-11-26 00:00:00,,,,,,
2020-11-27 00:00:00,119.83,119.98,118.87,119.19,116.74,616100.00
2020-11-30 00:00:00,118.65,119.88,118.29,119.13,116.68,1566600.00
2020-12-01 00:00:00,120.17,120.60,119.27,119.64,117.18,1545200.00
2020-12-02 00:00:00,119.34,119.75,116.62,117.13,114.72,1621700.00
2020-12-03 00:00:00,116.60,117.93,116.20,117.14,115.27,1619500.00
2020-12-04 00:00:00,116.80,117.67,116.80,117.54,115.66,1638500.00
2020-12-07 00:00:00,117.54,117.91,116.46,116.77,114.90,1173500.00
2020-12-08 00:00:00,115.92,117.27,115.78,116.75,114.88,1234700.00
2020-12-09 00:00:00,117.28,117.28,115.60,116.58,114.72,1611700.00
2020-12-10 00:00:00,116.14,116.65,114.71,114.94,113.10,1672900.00
2020-12-11 00:00:00,114.83,116.16,114.16,115.41,113.57,1426100.00
2020-12-14 00:00:00,115.97,116.84,114.73,114.78,112.95,1227700.00
2020-12-15 00:00:00,116.03,116.82,115.56,116.78,114.91,1479400.00
2020-12-16 00:00:00,116.65,117.13,115.88,116.08,114.23,997200.00
2020-12-17 00:00:00,116.54,118.35,116.36,117.51,115.63,1890600.00
2020-12-18 00:00:00,117.84,118.63,116.92,117.41,115.53,3232700.00
2020-12-21 00:00:00,116.49,116.71,114.17,116.51,114.65,1392300.00
2020-12-22 00:00:00,116.79,118.02,115.97,117.92,116.04,1695200.00
2020-12-23 00:00:00,117.81,118.31,116.23,116.25,114.39,957100.00
2020-12-24 00:00:00,116.46,117.02,116.21,117.00,115.13,466100.00
2020-12-28 00:00:00,117.50,118.29,116.70,118.09,116.20,1172200.00
2020-12-29 00:00:00,118.50,118.90,116.53,116.82,114.95,863900.00
2020-12-30 00:00:00,116.87,117.46,116.46,116.93,115.06,735900.00
2020-12-31 00:00:00,116.57,118.06,116.48,117.93,116.05,898500.00
2021-01-01 00:00:00,,,,,,
2021-01-04 00:00:00,118.00,118.07,114.26,114.83,113.00,1731000.00
2021-01-05 00:00:00,114.51,115.42,114.05,115.21,113.37,1336100.00
2021-01-06 00:00:00,115.80,118.44,115.21,117.76,115.88,1617800.00
2021-01-07 00:00:00,117.50,118.39,116.88,118.05,116.16,1827600.00
2021-01-08 00:00:00,118.39,118.95,117.23,118.60,116.71,1372700.00
2021-01-11 00:00:00,117.60,118.12,116.66,117.04,115.17,1541600.00
2021-01-12 00:00:00,117.20,117.64,115.52,116.40,114.54,1477600.00
2021-01-13 00:00:00,116.13,116.84,115.61,116.21,114.35,1444800.00
2021-01-14 00:00:00,116.63,116.76,114.43,114.64,112.81,1605700.00
2021-01-15 00:00:00,114.25,115.50,114.10,114.72,112.89,3799200.00
2021-01-18 00:00:00,,,,,,
2021-01-19 00:00:00,115.56,116.33,114.78,115.01,113.17,1636900.00
2021-01-20 00:00:00,115.07,115.85,114.83,115.05,113.21,1916200.00
2021-01-21 00:00:00,114.92,115.20,112.97,114.58,112.75,2268400.00
2021-01-22 00:00:00,114.44,115.80,113.82,115.36,113.52,1978100.00
2021-01-25 00:00:00,115.36,116.02,113.95,114.19,112.37,1542500.00
2021-01-26 00:00:00,114.51,114.54,113.66,113.95,112.13,1709500.00
2021-01-27 00:00:00,113.00,113.23,110.15,110.96,109.19,2504800.00
2021-01-28 00:00:00,111.50,114.46,111.30,112.11,110.32,1952600.00
2021-01-29 00:00:00,111.71,112.64,110.45,111.32,109.54,1891900.00
2021-02-01 00:00:00,111.89,112.59,111.16,112.09,110.30,1229600.00
2021-02-02 00:00:00,112.91,113.91,112.59,113.00,111.19,1579500.00
2021-02-03 00:00:00,112.89,113.29,112.05,112.22,110.43,1343100.00
2021-02-04 00:00:00,112.18,113.50,111.88,113.08,111.27,1206400.00
2021-02-05 00:00:00,113.59,114.60,113.32,113.73,111.91,1423200.00
2021-02-08 00:00:00,114.08,114.75,113.65,114.38,112.55,1618200.00
2021-02-09 00:00:00,114.38,114.77,113.46,113.55,111.74,1155700.00
2021-02-10 00:00:00,114.25,114.42,112.44,113.69,111.87,1733900.00
2021-02-11 00:00:00,114.00,114.15,112.89,113.22,111.41,1289800.00
2021-02-12 00:00:00,112.84,113.34,112.37,113.25,111.44,1123100.00
2021-02-15 00:00:00,,,,,,
2021-02-16 00:00:00,112.23,113.79,112.12,112.60,110.80,2077700.00
2021-02-17 00:00:00,112.16,112.82,111.93,112.21,110.42,2088400.00
2021-02-18 00:00:00,111.12,113.64,111.09,113.43,111.62,3645300.00
2021-02-19 00:00:00,113.55,113.55,110.86,111.63,109.85,2934300.00
2021-02-22 00:00:00,111.15,111.24,109.24,110.56,108.79,3271800.00
2021-02-23 00:00:00,110.35,112.51,109.11,109.92,108.16,2892400.00
2021-02-24 00:00:00,110.33,111.97,110.00,111.87,110.08,3076400.00
2021-02-25 00:00:00,111.60,113.49,111.60,112.27,110.48,2567100.00
2021-02-26 00:00:00,112.70,113.73,110.71,110.89,109.12,2607600.00
2021-03-01 00:00:00,111.67,113.17,111.67,112.48,110.68,1937100.00
2021-03-02 00:00:00,112.34,114.50,111.83,114.33,112.50,3244900.00
2021-03-03 00:00:00,114.33,114.80,113.34,113.97,112.15,2824000.00
2021-03-04 00:00:00,114.30,116.76,114.05,115.52,113.67,3803500.00
2021-03-05 00:00:00,115.59,119.03,115.59,118.68,116.78,3281200.00
2021-03-08 00:00:00,118.95,122.97,118.72,121.73,119.79,3121800.00
2021-03-09 00:00:00,121.18,122.25,119.60,119.60,117.69,2268600.00
2021-03-10 00:00:00,119.85,122.27,118.93,121.69,119.75,2625100.00
2021-03-11 00:00:00,121.06,121.06,119.28,120.00,118.64,1956200.00
2021-03-12 00:00:00,120.50,121.93,120.16,121.79,120.41,1768900.00
2021-03-15 00:00:00,121.11,122.63,120.64,122.62,121.23,1598100.00
2021-03-16 00:00:00,122.71,123.14,122.20,122.91,121.52,1544100.00
2021-03-17 00:00:00,123.33,123.33,118.47,118.99,117.64,3825700.00
2021-03-18 00:00:00,119.18,122.02,118.94,121.90,120.52,2105800.00
2021-03-19 00:00:00,122.20,122.74,120.82,121.57,120.20,3643800.00
2021-03-22 00:00:00,121.86,123.53,121.14,123.37,121.98,2098800.00
2021-03-23 00:00:00,123.26,124.81,122.76,124.10,122.70,1961400.00
2021-03-24 00:00:00,123.79,125.91,123.37,124.82,123.41,2078900.00
2021-03-25 00:00:00,125.43,127.56,124.43,127.43,125.99,2953300.00
2021-03-26 00:00:00,127.34,129.97,127.11,129.80,128.33,2239000.00
2021-03-29 00:00:00,128.99,131.38,128.95,130.34,128.87,2394400.00
2021-03-30 00:00:00,129.80,130.46,128.84,129.28,127.82,2069500.00
2021-03-31 00:00:00,128.79,129.94,128.75,129.02,127.56,1814700.00
2021-04-01 00:00:00,129.25,130.08,127.94,129.28,127.82,1308200.00
2021-04-05 00:00:00,129.81,131.17,129.70,130.99,129.51,1593500.00
2021-04-06 00:00:00,131.38,132.54,130.73,131.60,130.11,1806800.00
2021-04-07 00:00:00,132.81,133.23,132.03,132.41,130.91,1698200.00
2021-04-08 00:00:00,132.31,133.05,132.10,132.84,131.34,1543700.00
2021-04-09 00:00:00,133.07,134.69,132.87,134.68,133.16,1599300.00
2021-04-12 00:00:00,134.86,135.46,134.07,134.47,132.95,1795400.00
2021-04-13 00:00:00,133.40,134.90,133.15,134.46,132.94,1387800.00
2021-04-14 00:00:00,134.35,134.49,133.73,133.88,132.37,1193600.00
2021-04-15 00:00:00,134.04,134.90,134.04,134.52,133.00,1296400.00
2021-04-16 00:00:00,135.22,135.59,134.53,135.05,133.52,1349900.00
2021-04-19 00:00:00,134.55,134.95,133.81,134.43,132.91,1507300.00
2021-04-20 00:00:00,134.29,135.35,133.96,134.87,133.35,1392700.00
2021-04-21 00:00:00,134.99,136.35,134.85,135.56,134.03,1181000.00
2021-04-22 00:00:00,135.57,135.97,134.49,134.75,133.23,1612900.00
2021-04-23 00:00:00,134.84,135.86,134.41,135.50,133.97,1089600.00
2021-04-26 00:00:00,135.00,135.83,133.89,133.93,132.42,1483700.00
2021-04-27 00:00:00,134.46,136.00,133.85,135.06,133.53,1744400.00
2021-04-28 00:00:00,135.59,136.57,135.03,136.23,134.69,1383700.00
2021-04-29 00:00:00,136.87,137.83,136.80,137.18,135.63,1705700.00
2021-04-30 00:00:00,136.98,138.56,136.79,137.97,136.41,1725200.00
2021-05-03 00:00:00,138.72,140.68,138.46,140.34,138.75,1410700.00
2021-05-04 00:00:00,140.21,141.31,140.00,140.88,139.29,1558500.00
2021-05-05 00:00:00,141.09,141.90,140.11,141.64,140.04,1410100.00
2021-05-06 00:00:00,141.87,142.40,141.21,141.48,139.88,1437500.00
2021-05-07 00:00:00,141.22,142.15,140.76,141.38,139.78,1584100.00
2021-05-10 00:00:00,142.06,144.54,142.05,143.26,141.64,1807600.00
2021-05-11 00:00:00,142.89,143.46,140.66,141.20,139.60,1790000.00
2021-05-12 00:00:00,140.92,141.01,138.12,138.18,136.62,1447600.00
2021-05-13 00:00:00,138.70,141.96,138.36,141.42,139.82,1272300.00
2021-05-14 00:00:00,141.85,142.91,141.53,141.94,140.34,977000.00
2021-05-17 00:00:00,141.75,142.61,140.60,141.51,139.91,1482200.00
2021-05-18 00:00:00,141.03,141.91,140.44,140.47,138.88,1672600.00
2021-05-19 00:00:00,139.95,139.95,137.62,139.15,137.58,1311400.00
2021-05-20 00:00:00,139.37,141.04,139.01,140.43,138.84,1029500.00
2021-05-21 00:00:00,141.17,141.83,140.16,140.97,139.38,1573500.00
2021-05-24 00:00:00,141.62,142.00,141.02,141.11,139.51,1137400.00
2021-05-25 00:00:00,140.94,141.30,140.45,140.69,139.10,1561000.00
2021-05-26 00:00:00,140.18,140.76,139.51,139.77,138.19,1259100.00
2021-05-27 00:00:00,140.29,140.83,139.21,140.55,138.96,2207000.00
2021-05-28 00:00:00,141.29,141.55,140.64,140.68,139.09,925600.00
2021-05-31 00:00:00,,,,,,
2021-06-01 00:00:00,141.42,141.48,139.95,140.07,138.49,1117600.00
2021-06-02 00:00:00,140.31,141.24,139.80,141.12,139.52,1354700.00
2021-06-03 00:00:00,140.49,141.20,139.97,140.58,139.56,890600.00
2021-06-04 00:00:00,140.97,141.22,140.02,140.75,139.73,641900.00
2021-06-07 00:00:00,140.70,140.99,139.37,139.57,138.56,1087200.00
2021-06-08 00:00:00,139.79,140.01,138.86,139.34,138.33,1112100.00
2021-06-09 00:00:00,139.18,139.87,139.01,139.58,138.57,890300.00
2021-06-10 00:00:00,139.96,140.20,139.55,139.93,138.91,941500.00
2021-06-11 00:00:00,140.31,140.42,139.19,139.91,138.89,1262700.00
2021-06-14 00:00:00,139.91,140.27,139.27,140.25,139.23,813700.00
2021-06-15 00:00:00,140.18,141.11,139.42,140.86,139.84,934100.00
2021-06-16 00:00:00,141.50,141.50,139.41,139.82,138.81,1395700.00
2021-06-17 00:00:00,139.63,139.88,138.33,139.30,138.29,1215300.00
2021-06-18 00:00:00,138.07,138.59,136.97,137.07,136.08,2710800.00
2021-06-21 00:00:00,137.80,139.40,137.63,139.36,138.35,1461400.00
2021-06-22 00:00:00,139.29,140.04,139.11,139.67,138.66,1047500.00
2021-06-23 00:00:00,139.53,139.53,138.50,138.52,137.51,937800.00
2021-06-24 00:00:00,138.99,139.21,138.08,138.54,137.53,1072400.00
2021-06-25 00:00:00,138.28,139.48,138.28,139.11,138.10,1540400.00
2021-06-28 00:00:00,139.06,139.48,138.44,139.18,138.17,1014300.00
2021-06-29 00:00:00,139.17,139.77,138.87,139.46,138.45,1146500.00
2021-06-30 00:00:00,139.41,140.34,139.16,140.11,139.09,1206200.00
2021-07-01 00:00:00,141.70,141.70,140.64,141.17,140.15,1292000.00
2021-07-02 00:00:00,141.15,142.67,140.88,141.97,140.94,1470200.00
2021-07-05 00:00:00,,,,,,
2021-07-06 00:00:00,142.38,142.86,141.07,142.77,141.73,1198600.00
2021-07-07 00:00:00,142.77,144.74,142.38,144.04,142.99,1630900.00
2021-07-08 00:00:00,142.99,143.27,141.82,142.17,141.14,1317300.00
2021-07-09 00:00:00,142.94,143.37,142.17,143.04,142.00,894800.00
2021-07-12 00:00:00,142.98,143.68,142.57,143.11,142.07,1087900.00
2021-07-13 00:00:00,143.50,143.72,142.22,142.52,141.49,1197400.00
2021-07-14 00:00:00,142.85,144.09,142.61,143.99,142.94,848200.00
2021-07-15 00:00:00,143.46,145.51,143.45,145.36,144.30,1217400.00
2021-07-16 00:00:00,145.90,146.92,145.72,145.80,144.74,1125700.00
2021-07-19 00:00:00,144.99,145.51,142.24,143.63,142.59,1951800.00
2021-07-20 00:00:00,143.95,146.39,143.91,145.17,144.12,1669500.00
2021-07-21 00:00:00,145.56,145.96,144.59,144.85,143.80,976300.00
2021-07-22 00:00:00,145.10,145.29,144.24,144.98,143.93,1065900.00
2021-07-23 00:00:00,145.03,146.85,145.03,146.39,145.33,908200.00
2021-07-26 00:00:00,146.20,147.02,145.73,146.69,145.63,1249200.00
2021-07-27 00:00:00,148.21,149.95,146.76,146.96,145.89,1876300.00
2021-07-28 00:00:00,147.26,147.26,145.36,145.67,144.61,1224200.00
2021-07-29 00:00:00,146.65,147.26,146.14,146.21,145.15,943500.00
2021-07-30 00:00:00,146.13,148.64,146.13,148.26,147.18,1388200.00
2021-08-02 00:00:00,148.70,149.15,146.61,147.27,146.20,928500.00
2021-08-03 00:00:00,147.44,149.47,147.28,149.41,148.33,1344600.00
2021-08-04 00:00:00,149.16,150.83,148.73,148.86,147.78,1553700.00
2021-08-05 00:00:00,149.17,149.76,147.74,148.33,147.25,1135900.00
2021-08-06 00:00:00,148.33,149.40,147.51,147.84,146.77,1201700.00
2021-08-09 00:00:00,147.81,148.31,146.93,147.23,146.16,1055600.00
2021-08-10 00:00:00,147.00,148.00,146.74,146.98,145.91,1273700.00
2021-08-11 00:00:00,147.73,149.20,147.63,149.13,148.05,1224200.00
2021-08-12 00:00:00,149.00,150.30,148.85,150.08,148.99,1356900.00
2021-08-13 00:00:00,150.47,151.15,149.89,150.61,149.52,906300.00
2021-08-16 00:00:00,150.67,152.00,150.20,151.93,150.83,1141300.00
2021-08-17 00:00:00,151.97,152.41,150.86,151.70,150.60,1295100.00
2021-08-18 00:00:00,151.26,151.69,149.44,149.56,148.47,1366200.00
2021-08-19 00:00:00,148.37,151.96,148.37,151.62,150.52,1345600.00
2021-08-20 00:00:00,151.65,153.29,151.26,152.94,151.83,1404300.00
2021-08-23 00:00:00,153.26,153.41,151.71,151.76,150.66,1337600.00
2021-08-24 00:00:00,151.76,152.56,151.27,152.39,151.28,1249700.00
2021-08-25 00:00:00,152.46,153.20,151.92,152.83,151.72,1080300.00
2021-08-26 00:00:00,153.00,153.90,152.60,153.60,152.49,888900.00
2021-08-27 00:00:00,154.21,154.65,153.67,154.15,153.03,1061200.00
2021-08-30 00:00:00,154.16,155.40,154.09,155.13,154.00,658500.00
2021-08-31 00:00:00,155.34,155.62,154.32,155.11,153.98,1732600.00
2021-09-01 00:00:00,154.55,156.32,154.19,155.85,154.72,1533100.00
2021-09-02 00:00:00,155.90,156.60,155.23,155.81,155.25,1710900.00
2021-09-03 00:00:00,156.00,156.19,155.32,155.40,154.84,1419300.00
2021-09-06 00:00:00,,,,,,
2021-09-07 00:00:00,155.08,155.35,153.09,153.26,152.71,1565100.00
2021-09-08 00:00:00,153.00,154.90,152.73,154.24,153.69,1811600.00
2021-09-09 00:00:00,154.38,154.56,153.55,153.80,153.25,1383700.00
2021-09-10 00:00:00,154.15,154.90,153.58,154.45,153.90,1249900.00
2021-09-13 00:00:00,155.49,156.74,154.19,155.13,154.57,1971000.00
2021-09-14 00:00:00,155.52,156.12,154.25,154.58,154.03,1051400.00
2021-09-15 00:00:00,154.55,156.34,154.17,155.63,155.07,1054500.00
2021-09-16 00:00:00,155.89,156.09,153.82,153.89,153.34,850000.00
2021-09-17 00:00:00,153.11,153.60,152.24,152.68,152.13,3109000.00
2021-09-20 00:00:00,150.99,152.98,150.51,152.73,152.18,1453000.00
2021-09-21 00:00:00,153.05,154.26,152.63,152.75,152.20,1127300.00
2021-09-22 00:00:00,153.66,154.17,152.67,153.42,152.87,1194200.00
2021-09-23 00:00:00,154.33,155.03,153.25,153.50,152.95,1110500.00
2021-09-24 00:00:00,153.15,154.21,153.15,154.19,153.64,1240200.00
2021-09-27 00:00:00,153.81,154.15,151.58,152.05,151.51,2123900.00
2021-09-28 00:00:00,151.57,151.83,149.28,149.92,149.38,1795000.00
2021-09-29 00:00:00,150.50,151.98,149.95,151.60,151.06,1557400.00
2021-09-30 00:00:00,152.03,152.45,149.31,149.36,148.82,1587100.00
2021-10-01 00:00:00,149.72,150.66,147.53,149.84,149.30,1241900.00
2021-10-04 00:00:00,149.39,150.72,147.90,148.83,148.30,1413600.00
2021-10-05 00:00:00,149.08,150.45,148.25,149.85,149.31,1123200.00
2021-10-06 00:00:00,149.00,151.46,148.66,151.28,150.74,1493000.00
2021-10-07 00:00:00,152.24,154.15,152.24,153.99,153.44,1649600.00
2021-10-08 00:00:00,153.90,155.18,153.25,154.72,154.17,1563400.00
2021-10-11 00:00:00,154.69,155.74,154.07,154.08,153.53,1035000.00
2021-10-12 00:00:00,154.71,155.89,154.04,154.46,153.91,1603700.00
2021-10-13 00:00:00,154.66,155.65,152.00,154.97,154.41,1316900.00
2021-10-14 00:00:00,156.19,158.07,156.04,157.96,157.39,1346500.00
2021-10-15 00:00:00,159.00,159.53,158.08,158.17,157.60,1162500.00
2021-10-18 00:00:00,157.83,158.16,156.63,157.16,156.60,1554800.00
2021-10-19 00:00:00,157.70,158.90,157.16,158.84,158.27,1960300.00
2021-10-20 00:00:00,158.60,160.57,158.60,160.50,159.93,1446800.00
2021-10-21 00:00:00,162.08,162.33,160.45,161.88,161.30,1489500.00
2021-10-22 00:00:00,162.23,164.59,162.08,164.42,163.83,1249000.00
2021-10-25 00:00:00,163.93,164.82,160.55,161.15,160.57,2778800.00
2021-10-26 00:00:00,157.80,160.23,154.01,159.28,158.71,3007400.00
2021-10-27 00:00:00,158.81,159.94,154.70,155.15,154.59,2572100.00
2021-10-28 00:00:00,156.02,157.70,155.40,157.50,156.94,1845200.00
2021-10-29 00:00:00,157.50,160.62,157.27,160.23,159.66,1609000.00
2021-11-01 00:00:00,160.92,161.55,158.54,159.28,158.71,1284900.00
2021-11-02 00:00:00,159.42,161.82,159.06,161.23,160.65,1168900.00
2021-11-03 00:00:00,161.03,161.81,158.56,159.72,159.15,1107900.00
2021-11-04 00:00:00,159.61,161.51,159.61,160.71,160.13,1064500.00
2021-11-05 00:00:00,161.10,161.68,159.27,159.89,159.32,1136300.00
2021-11-08 00:00:00,160.68,161.85,159.50,160.05,159.48,1304000.00
2021-11-09 00:00:00,159.61,160.29,159.10,159.58,159.01,1196600.00
2021-11-10 00:00:00,158.94,162.47,158.65,162.08,161.50,1777500.00
2021-11-11 00:00:00,161.80,162.29,160.66,161.24,160.66,972100.00
2021-11-12 00:00:00,162.03,163.45,161.40,162.98,162.40,2196600.00
2021-11-15 00:00:00,163.00,164.01,162.44,163.00,162.42,1240400.00
2021-11-16 00:00:00,163.35,164.71,163.23,164.63,164.04,1450300.00
2021-11-17 00:00:00,165.00,165.91,164.20,165.41,164.82,1739000.00
2021-11-18 00:00:00,165.41,166.35,164.28,164.49,163.90,1684800.00
2021-11-19 00:00:00,164.83,165.52,162.59,163.39,162.80,1881500.00
2021-11-22 00:00:00,163.54,164.25,162.71,163.02,162.44,1794400.00
2021-11-23 00:00:00,162.82,165.00,162.29,164.84,164.25,1067600.00
2021-11-24 00:00:00,164.40,165.92,163.82,165.72,165.13,1194300.00
2021-11-25 00:00:00,,,,,,
2021-11-26 00:00:00,164.11,165.78,163.09,163.47,162.88,1120800.00
2021-11-29 00:00:00,164.84,168.04,164.22,166.83,166.23,2030100.00
2021-11-30 00:00:00,165.50,166.55,160.28,160.67,160.09,4340600.00
2021-12-01 00:00:00,161.98,164.61,160.37,160.51,159.93,1652300.00
2021-12-02 00:00:00,160.98,164.77,160.54,163.74,163.74,1332000.00
2021-12-03 00:00:00,164.30,164.87,161.68,163.22,163.22,1204000.00
2021-12-06 00:00:00,164.80,165.74,163.22,163.48,163.48,2162100.00
2021-12-07 00:00:00,165.10,166.76,163.50,164.25,164.25,1407300.00
2021-12-08 00:00:00,164.25,164.48,162.18,163.53,163.53,1248200.00
2021-12-09 00:00:00,162.62,163.71,162.21,162.79,162.79,1598100.00
2021-12-10 00:00:00,164.13,165.66,163.33,164.72,164.72,1490600.00
2021-12-13 00:00:00,164.72,165.68,163.84,164.23,164.23,2328400.00
2021-12-14 00:00:00,163.60,164.19,161.14,162.58,162.58,1971200.00
2021-12-15 00:00:00,163.00,163.60,161.21,162.53,162.53,3044800.00
2021-12-16 00:00:00,163.61,166.50,163.21,166.04,166.04,2269000.00
2021-12-17 00:00:00,165.87,166.19,161.17,161.31,161.31,2603800.00
2021-12-20 00:00:00,160.02,160.94,157.61,160.59,160.59,1397600.00
2021-12-21 00:00:00,161.62,162.49,159.00,160.03,160.03,1186900.00
2021-12-22 00:00:00,160.19,161.01,159.53,160.66,160.66,1495600.00
2021-12-23 00:00:00,160.71,162.61,160.67,161.94,161.94,1778800.00
2021-12-24 00:00:00,,,,,,
2021-12-27 00:00:00,162.49,163.89,162.06,163.79,163.79,1295300.00
2021-12-28 00:00:00,164.05,165.27,163.84,165.14,165.14,1004000.00
2021-12-29 00:00:00,165.61,166.86,164.94,166.38,166.38,773100.00
2021-12-30 00:00:00,167.00,167.43,165.44,165.73,165.73,822300.00
2021-12-31 00:00:00,165.29,167.61,165.29,166.90,166.90,844600.00
2022-01-03 00:00:00,166.47,166.63,161.00,162.74,162.74,2704000.00
2022-01-04 00:00:00,163.00,166.04,162.97,164.30,164.30,2111400.00
2022-01-05 00:00:00,164.35,165.03,161.48,161.84,161.84,1761300.00
2022-01-06 00:00:00,161.36,164.01,161.00,162.85,162.85,1171700.00
2022-01-07 00:00:00,162.65,163.88,160.69,161.76,161.76,1560300.00
2022-01-10 00:00:00,160.00,160.75,158.30,159.41,159.41,2299900.00
2022-01-11 00:00:00,159.80,159.94,157.83,159.46,159.46,2161900.00
2022-01-12 00:00:00,159.99,160.92,158.63,159.43,159.43,1569300.00
2022-01-13 00:00:00,159.86,160.16,157.15,157.45,157.45,1392700.00
2022-01-14 00:00:00,155.70,157.42,155.12,156.65,156.65,2086300.00
2022-01-17 00:00:00,,,,,,
2022-01-18 00:00:00,155.41,156.19,153.76,155.35,155.35,1955900.00
2022-01-19 00:00:00,155.51,157.29,154.92,155.08,155.08,1490300.00
2022-01-20 00:00:00,155.76,156.97,152.85,153.23,153.23,2424700.00
2022-01-21 00:00:00,152.92,154.15,151.15,151.40,151.40,2526500.00
2022-01-24 00:00:00,149.72,150.51,146.94,149.79,149.79,4117100.00
2022-01-25 00:00:00,148.75,149.10,145.52,148.01,148.01,3642900.00
2022-01-26 00:00:00,148.10,150.76,146.60,147.96,147.96,2401000.00
2022-01-27 00:00:00,148.25,150.08,145.28,146.25,146.25,2856800.00
2022-01-28 00:00:00,146.36,147.93,144.05,147.90,147.90,3214500.00
2022-01-31 00:00:00,147.51,150.64,147.38,150.44,150.44,2040100.00
2022-02-01 00:00:00,150.50,151.25,147.91,149.76,149.76,3067400.00
2022-02-02 00:00:00,142.98,148.57,142.98,148.12,148.12,4096900.00
2022-02-03 00:00:00,146.77,148.37,146.26,146.43,146.43,2224500.00
2022-02-04 00:00:00,145.00,146.71,144.25,145.03,145.03,1627700.00
2022-02-07 00:00:00,145.68,146.51,144.78,145.09,145.09,1670900.00
2022-02-08 00:00:00,145.20,145.83,144.31,145.15,145.15,1762500.00
2022-02-09 00:00:00,145.78,147.49,145.71,146.64,146.64,1559600.00
2022-02-10 00:00:00,145.27,146.60,143.28,143.82,143.82,1924300.00
2022-02-11 00:00:00,143.90,144.56,141.48,142.64,142.64,2289200.00
2022-02-14 00:00:00,142.50,143.15,140.57,141.77,141.77,2143300.00
2022-02-15 00:00:00,143.01,143.39,141.85,142.68,142.68,2092400.00
2022-02-16 00:00:00,142.22,143.15,141.31,142.57,142.57,2023300.00
2022-02-17 00:00:00,141.91,143.53,141.52,143.06,143.06,1915300.00
2022-02-18 00:00:00,142.77,143.99,142.07,142.33,142.33,1746100.00
2022-02-21 00:00:00,,,,,,
2022-02-22 00:00:00,142.25,142.53,140.78,141.53,141.53,2407800.00
2022-02-23 00:00:00,141.96,142.53,140.53,140.60,140.60,2201100.00
2022-02-24 00:00:00,139.20,142.42,138.58,141.91,141.91,3067700.00
2022-02-25 00:00:00,142.21,145.53,142.00,145.16,145.16,1605500.00
2022-02-28 00:00:00,143.87,145.36,143.16,144.40,144.40,2230100.00
2022-03-01 00:00:00,144.31,147.28,144.06,146.58,146.58,3224800.00
2022-03-02 00:00:00,147.33,151.00,147.06,150.16,150.16,2150500.00
2022-03-03 00:00:00,151.25,154.43,151.15,152.81,152.81,2215700.00
2022-03-04 00:00:00,151.75,158.00,151.13,157.82,157.82,2631200.00
2022-03-07 00:00:00,157.21,158.44,155.44,155.85,155.85,2972700.00
2022-03-08 00:00:00,155.00,156.27,147.86,147.96,147.96,3031000.00
2022-03-09 00:00:00,149.86,151.08,148.26,149.98,149.98,1959800.00
2022-03-10 00:00:00,148.93,151.82,148.93,151.45,151.45,1920500.00
2022-03-11 00:00:00,152.20,153.58,151.39,151.47,151.47,1415500.00
2022-03-14 00:00:00,152.22,154.65,151.13,154.45,154.45,1839000.00
2022-03-15 00:00:00,155.59,156.04,153.85,155.17,155.17,1965300.00
2022-03-16 00:00:00,154.92,155.67,152.20,154.50,154.50,2051600.00
2022-03-17 00:00:00,154.50,155.72,154.22,155.63,155.63,1339900.00
2022-03-18 00:00:00,155.66,156.45,154.11,155.67,155.67,2834700.00
2022-03-21 00:00:00,156.04,157.33,155.48,156.03,156.03,1509600.00
2022-03-22 00:00:00,156.25,157.06,154.22,154.83,154.83,1304900.00
2022-03-23 00:00:00,154.70,154.99,153.42,153.55,153.55,1318200.00
2022-03-24 00:00:00,153.96,155.09,153.34,155.04,155.04,1322100.00
2022-03-25 00:00:00,155.35,156.35,154.73,156.28,156.28,1106900.00
2022-03-28 00:00:00,156.57,158.17,156.30,158.16,158.16,1439100.00
2022-03-29 00:00:00,159.04,159.22,156.01,157.75,157.75,1278900.00
2022-03-30 00:00:00,158.13,159.48,157.80,159.45,159.45,1166000.00
2022-03-31 00:00:00,159.80,161.18,158.50,158.50,158.50,1625900.00
2022-04-01 00:00:00,158.43,160.00,157.80,159.81,159.81,1605600.00
2022-04-04 00:00:00,159.65,160.00,158.21,159.39,159.39,962900.00
2022-04-05 00:00:00,159.32,162.28,159.25,160.59,160.59,1291400.00
2022-04-06 00:00:00,160.13,162.17,159.78,161.10,161.10,1799900.00
2022-04-07 00:00:00,161.41,164.51,160.61,163.78,163.78,1968500.00
2022-04-08 00:00:00,164.11,165.79,163.29,165.15,165.15,1536100.00
2022-04-11 00:00:00,165.00,165.85,163.66,164.16,164.16,1381200.00
2022-04-12 00:00:00,163.29,164.55,161.57,161.85,161.85,1666800.00
2022-04-13 00:00:00,161.65,162.40,158.39,159.74,159.74,1802000.00
2022-04-14 00:00:00,160.09,161.15,159.04,159.16,159.16,1282700.00
2022-04-18 00:00:00,158.64,160.03,157.08,158.01,158.01,1098500.00
2022-04-19 00:00:00,158.36,159.74,158.31,159.08,159.08,1343100.00
2022-04-20 00:00:00,159.70,161.23,159.47,160.59,160.59,1546000.00
2022-04-21 00:00:00,161.50,162.66,160.74,161.16,161.16,1352000.00
2022-04-22 00:00:00,161.21,161.51,157.31,157.51,157.51,1599900.00
2022-04-25 00:00:00,157.44,157.64,153.15,155.96,155.96,2538400.00
2022-04-26 00:00:00,165.65,167.75,162.04,164.15,164.15,3388400.00
2022-04-27 00:00:00,165.00,168.38,164.55,167.45,167.45,3318300.00
2022-04-28 00:00:00,166.97,170.18,165.41,169.65,169.65,2162900.00
2022-04-29 00:00:00,168.99,169.62,164.11,164.44,164.44,2238000.00
2022-05-02 00:00:00,163.60,164.90,157.05,159.04,159.04,2388500.00
2022-05-03 00:00:00,159.16,162.22,158.47,159.33,159.33,1706500.00
2022-05-04 00:00:00,159.02,162.55,158.41,162.33,162.33,1698600.00
2022-05-05 00:00:00,161.78,162.03,157.40,158.64,158.64,1938400.00
2022-05-06 00:00:00,157.87,162.34,156.79,161.78,161.78,1933700.00
2022-05-09 00:00:00,160.75,160.98,158.53,159.24,159.24,2040700.00
2022-05-10 00:00:00,160.31,160.88,155.10,156.95,156.95,2149500.00
2022-05-11 00:00:00,157.10,159.37,157.05,157.78,157.78,1423700.00
2022-05-12 00:00:00,158.21,159.47,154.04,155.48,155.48,2337100.00
2022-05-13 00:00:00,157.49,158.70,156.12,157.90,157.90,2052500.00
2022-05-16 00:00:00,158.05,158.84,156.64,157.43,157.43,1810000.00
2022-05-17 00:00:00,158.95,158.95,155.16,157.23,157.23,1796600.00
2022-05-18 00:00:00,157.00,157.43,152.65,153.06,153.06,1954500.00
2022-05-19 00:00:00,151.85,154.10,150.29,152.77,152.77,1850200.00
2022-05-20 00:00:00,153.14,154.93,151.28,154.50,154.50,2706000.00
2022-05-23 00:00:00,155.05,156.40,153.36,156.08,156.08,1781700.00
2022-05-24 00:00:00,156.28,158.17,154.72,157.60,157.60,1661000.00
2022-05-25 00:00:00,157.76,158.29,155.62,156.01,156.01,1604700.00
2022-05-26 00:00:00,157.33,158.60,156.72,157.99,157.99,1585000.00
2022-05-27 00:00:00,158.27,161.01,158.27,161.00,161.00,1518500.00
2022-05-30 00:00:00,,,,,,
2022-05-31 00:00:00,159.82,160.00,157.85,158.51,158.51,4298000.00
2022-06-01 00:00:00,159.07,159.47,157.80,158.53,158.53,1302400.00
2022-06-02 00:00:00,158.35,159.55,156.40,159.38,159.38,1064600.00
2022-06-03 00:00:00,158.40,159.47,157.64,159.12,159.12,1007800.00
2022-06-06 00:00:00,160.00,160.19,157.77,157.94,157.94,1230700.00
2022-06-07 00:00:00,157.30,159.84,156.89,159.80,159.80,1287500.00
2022-06-08 00:00:00,158.73,159.46,156.91,157.06,157.06,1075400.00
2022-06-09 00:00:00,156.72,157.29,153.28,153.35,153.35,1046800.00
2022-06-10 00:00:00,151.85,153.06,150.44,151.41,151.41,1372800.00
2022-06-13 00:00:00,149.00,150.40,147.10,147.86,147.86,1683800.00
2022-06-14 00:00:00,,,,,,
